url
https://www.filmweb.pl/film/Resident+Evil%3A+Witajcie+w+Raccoon+City-2021-862593
https://www.filmweb.pl/film/Czerwona+gor%C4%85czka-1988-4799
https://www.filmweb.pl/film/Nagi+instynkt+2-2006-11007
https://www.filmweb.pl/film/Sobib%C3%B3r-2018-793211
https://www.filmweb.pl/film/%C5%9Anie%C5%BCka-2025-867032
https://www.filmweb.pl/film/Julia-2008-414517
https://www.filmweb.pl/film/Blue+Beetle-2023-869944
https://www.filmweb.pl/film/Ucze%C5%84-2016-768201
https://www.filmweb.pl/film/Max-2015-715815
https://www.filmweb.pl/film/Czarny+rycerz-2001-31725
